  state/action        left       right      toward        fire     forward    backward      search
     noTarget:    -1.25322    -1.25322    -1.74261    -8.22547    -1.17721    -1.17721    -1.03248
  badPosition:    -0.10382        -0.1     3.50884           0           0           0           0
        toFar:   -0.579978      -0.297   -0.107438        -0.1      3.4964           0           0
 goodPosition:     -0.2943   -0.287595        -0.1     10.6611           0           0           0
