  state/action        left       right      toward        fire     forward    backward      search
     noTarget:    -1.71142     -1.7456    -2.37835    -9.41061    -1.35053    -1.17696    -1.03652
  badPosition:        -0.1        -0.1     3.16247           0   0.0296299           0   -0.110245
        toFar:        -0.3   -0.784077   -0.200634        -0.1     3.20238           0           0
 goodPosition:    -0.28972   -0.287748        -0.1     7.52805           0           0   -0.309892
