  state/action        left       right      toward     forward    backward      search        fire
     noTarget:    -1.59675    -1.43737    -1.73902    -1.35274    -1.27014    -1.03262    -5.44042
  badPosition:   -0.161442   -0.105369     3.21209   0.0336917           0           0           0
        toFar:   -0.545413   -0.307456        -0.1     3.32189           0   -0.310343           0
 goodPosition:   -0.546977   -0.536312        -0.1   -0.207123   -0.185801   -0.310551     7.85053
