  state/action        left       right      toward        fire     forward    backward      search
     noTarget:    -1.60487    -1.60539    -2.07752     -5.4399    -1.17496    -1.17721    -1.01998
  badPosition:   -0.295279   -0.109334     3.30364           0           0           0           0
        toFar:      -0.302   -0.759074   -0.158376        -0.1     3.17865           0   -0.589539
 goodPosition:   -0.289656    -0.28769        -0.1     8.14398           0           0           0
