  state/action        left       right      toward        fire     forward    backward      search
     noTarget:    -1.25322     -2.2204     -1.7431    -6.90703    -1.42755    -1.42864    -1.03733
  badPosition:        -0.1        -0.1     3.16224    -2.01031           0  -0.0104054           0
        toFar:        -0.3   -0.551067        -0.1        -0.1     3.24062           0           0
 goodPosition:        -0.3        -0.3        -0.1     7.52805   -0.110391           0           0
