  state/action        left       right      toward     forward    backward      search        fire
     noTarget:    -1.56268    -1.59197    -1.74207    -1.25869    -1.17665   -0.995166    -3.81012
  badPosition:        -0.1   -0.253866     3.33666           0   0.0331309   -0.209015           0
        toFar:        -0.3        -0.3   -0.162137     3.44426           0   -0.309702           0
 goodPosition:   -0.294243   -0.531045        -0.1        -0.1   -0.346448      -0.302     8.87517
