  state/action        left       right      toward     forward    backward      search        fire
     noTarget:    -1.23462    -1.43836    -1.36771    -1.33887    -1.48986    -1.02508    -5.43998
  badPosition:   -0.198375        -0.1     3.07027   0.0284126   0.0319326   -0.110431     -1.9943
        toFar:   -0.547062   -0.540677   -0.109603     3.31144   -0.173184           0           0
 goodPosition:   -0.289683   -0.287715     -0.0943   -0.109603    -0.19187   -0.309631     7.85053
