  state/action        left       right      toward     forward    backward      search        fire
     noTarget:    -1.25129    -1.43808    -2.07871    -1.37171    -1.26138   -0.985771    -9.41183
  badPosition:    -0.10382   -0.106297     3.15172   0.0304159 -0.00742029           0    -1.98038
        toFar:   -0.817728   -0.557062        -0.1     3.27274           0           0  -0.0796734
 goodPosition:   -0.282813   -0.281532   -0.131477   -0.109645   -0.185408   -0.588592     7.14823
