  state/action        left       right      toward        fire     forward    backward      search
     noTarget:    -1.25302    -1.24305     -2.0694    -3.80951    -1.17721    -1.42802    -1.00032
  badPosition:   -0.106717        -0.1     3.23496    -1.96979           0 -0.00980661   -0.110235
        toFar:        -0.3   -0.730342           0           0     3.41384   -0.210125           0
 goodPosition:   -0.278539           0   -0.072619     8.14398           0    -0.17093           0
