  state/action        left       right      toward     forward    backward      search        fire
     noTarget:    -1.60022    -1.72666    -3.11916    -1.17608    -1.35344   -0.998527    -5.44035
  badPosition:        -0.1   -0.173063     3.19653           0   0.0247991   -0.110478           0
        toFar:   -0.547001      -0.297        -0.1     3.36161           0   -0.310195  -0.0754531
 goodPosition:        -0.3        -0.3   -0.162619   -0.109903   -0.189449    -0.52081     7.85053
