  state/action        left       right      toward        fire     forward    backward      search
     noTarget:    -1.25322    -1.43841    -1.74284          -2    -1.26246    -1.35329    -1.02236
  badPosition:      -0.102    -0.10382     3.27381           0           0           0  -0.0696283
        toFar:   -0.547624   -0.306983   -0.159743        -0.1     3.37959           0           0
 goodPosition:   -0.284191   -0.282772        -0.1     8.41102           0           0           0
