  state/action        left       right      toward        fire     forward    backward      search
     noTarget:    -1.25322     -1.5599    -1.36723    -3.81044    -1.11866    -1.17483    -1.03496
  badPosition:    -0.10382   -0.162502     3.24957           0           0           0           0
        toFar:   -0.304177   -0.578722        -0.1        -0.1     3.46958           0   -0.265802
 goodPosition:   -0.291936   -0.289743        -0.1     8.65403           0    -0.16649           0
