  state/action        left       right      toward        fire     forward    backward      search
     noTarget:    -1.25322    -1.25322    -1.74261    -8.22547    -1.17721    -1.17721    -1.01557
  badPosition:    -0.10382        -0.1     3.39929           0           0           0           0
        toFar:   -0.579978      -0.297   -0.107438        -0.1     3.60002           0           0
 goodPosition:     -0.2943   -0.287595        -0.1     10.5677           0           0           0
