  state/action        left       right      toward        fire     forward    backward      search
     noTarget:    -1.25322    -1.25322    -1.74226    -3.81065    -1.15594    -1.17721    -1.03725
  badPosition:    -0.10382   -0.109283     2.92889           0           0  -0.0082143           0
        toFar:        -0.3      -0.297        -0.1        -0.1     3.38167           0           0
 goodPosition:     -0.2919   -0.286092        -0.1     8.11386           0           0           0
