  state/action        left       right      toward        fire     forward    backward      search
     noTarget:    -1.25322    -1.43847    -1.36905          -2    -1.17483    -1.32689    -1.00701
  badPosition:    -0.10382        -0.1     3.12229           0           0           0           0
        toFar:    -0.30382   -0.307438        -0.1        -0.1     3.34419           0           0
 goodPosition:   -0.289625   -0.287663        -0.1     8.39036           0           0           0
