  state/action        left       right      toward        fire     forward    backward      search
     noTarget:    -1.42925    -1.25322    -1.36905    -3.81012    -1.17721    -1.17721   -0.994834
  badPosition:        -0.1     -0.1097     3.22384           0           0           0           0
        toFar:    -0.30382        -0.3        -0.1        -0.1     3.30714           0           0
 goodPosition:      -0.297     -0.2943        -0.1     8.87286           0           0           0
