  state/action        left       right      toward        fire     forward    backward      search
     noTarget:    -1.43793    -1.25322    -1.36905     -3.8103    -1.17589     -1.3537    -1.00092
  badPosition:       -0.19        -0.1     3.21813           0   0.0300998           0           0
        toFar:        -0.3   -0.308214   -0.110193        -0.1     3.33105           0           0
 goodPosition:   -0.287584   -0.285825        -0.1     8.14398           0           0           0
