  state/action        left       right      toward        fire     forward    backward      search
     noTarget:    -1.25322    -1.25322    -1.35375    -3.81048    -1.27326    -1.26887    -1.01731
  badPosition:      -0.102        -0.1     3.37256           0           0           0           0
        toFar:      -0.297           0           0           0     3.35428           0           0
 goodPosition:   -0.291839   -0.289656        -0.1     8.87517           0           0           0
